$ANSIBLE_VAULT;1.1;AES256
66346534613238633861393030373839333464643036323739356538616563316337623462326430
3363616663373839363561666130633238653730323330620a313131636161323336656435373362
36613237343061616331393437616230623837663864393632313235663036326536313065653165
3932333837656332360a313966396334303562316263393131633030333239373830316233626238
34626130356232303638383034396237613739373339663630653030316432666133633538333338
30633538363330663637346433626566326638346133366265326265333036373565323333353332
33313561323939326661386233396235653462373266363234643261633238383765323564383165
30343166646136656662356538373565336237376330653332663435383261643763303030373330
66363536383461333533356136346536656237613738623734396134366364623233633435393736
36643364303933343837663137326633643665363933343032393339346432316661666630363562
64666664363261643535366332383632646638363935363938636430343261323561383736316262
64613337363162393763663961623561313933383365623865666239303036313538633333396635
36666566323064623535373839353035326265323138633938356562623038653863393466656439
63646331633935393862313839663035656233313639643630623161353162303930386561636432
33353733343163363663393765346136613430626338303635363064666334316165333737346132
32313736653639366639363430303363393531346539373033666433353938343034346235613461
35323036313235343663633861373132366433633065393935303161326561656635333739386162
62633131663736633834366137316164363537626664353932376532623066636635356432363633
39346162376230396532343130373935616231323134363635616333393734346331623266666231
64313066383761386636303762353763323363323261643964346439346662376534396631336333
62663336383336366236353361326334653636636131393630663730333665656463393730383832
35316439326537366164653238613738666163663765313032363838383136383631393937363462
36353762326232666564656330656366623734346637326333653135356363303330373336333436
63383337396164376234336137353063633738306666366532366232313531323166643030313234
6531
