$ANSIBLE_VAULT;1.1;AES256
61356235393663333839653531653132393333613764333636303261353239353930393234326438
3137333431646638303835613962626230333161323865360a343236343265613333336234613931
37323462386134636336306164666265623065656463313136383031386431643965326463336662
6466336237363531660a353330613939303333303664386264636262633737643535316232343531
30313263316461613936656464613239383732666365373964326230396565353032643935646531
62656330346633636361653333386633383766656135323730336363326435623437353934303536
38383664343439316631363531323466366664633939306664373431353565316238613664323165
35636135333031646261366239633839643065343331383464303761366136343865323238633932
64303235656431366566393032656561643366633236636434613832336335653065653335383965
34633366323165613465653061393634316262636234623337326665313264656164623735383734
31663138393039303438646637323566663864393661643339636239303963646132323437373264
65633761666165626261633161363464396264383832643466363961363766336634303337613830
31653739643265363930643663306333656338653935373739356132386261386331383639666563
38306237656563313464373762323162323238303534643031366239366335323233306335646562
65656636666563363765633132643333383130613866343637663066643966653366363062356161
66343638393365666338613866346434393739313065353739623131376130636565653833623836
63626564643434653135383363663634636662326431373266363864383630633336356438313239
63646435666338626333383633333262323937653366643939633933383438613638396133653763
33386337353561666138626338353135396232663263646639646236313164643035643036356631
35323461323335326633313332623431623831616336643832623062306239646131323263333366
64336231373233636437666237386562666363373234393863306266356561343062333731626536
34333163363836306262316633356265363162353065373537333363636461663435666231313066
33323635666235656166383866633430313537643531663466326161356264646130363161646137
36626436346261373835363564623165656336383634376161666535303963356361643934303232
39343837623464313433626531303561383766653438303539373939346661383032626330616663
30363666316532326533383766383031376337333763666334383865393035343233313861663962
33386266623761353137376138343030626565383833313232326133653561373334353761316435
38306535346637336438663566633639366137626235346264323932336361653638353061666365
61383736333963303463396537303230373537343635343238643834623237323634663036623933
65333631666239643639353466393262633232623037353630313230316361663233653039393637
30363465393335636637623336613663643235333532653761356239313434373235623431313061
32373038623330326665343261613562633164623331306430313462616263313164633338353330
31616332613733663930636139346461303365616132653139393734396338326632343063623664
66323362623438393232643233626631643062333632383734663566336362353534376130303561
65643336316530333265373430353865643762353562623930633865346261353436386236353562
38376237646332396366393935343764333836306530366633366462373063376430353434363739
62333865646437366463396335626637396565643662353564343936356135346365666161663930
35616331653264646238326433336166333037366530366664623534393931353561303632383632
62386661616536383437353063646239633565623830353463326361373638663761343365346334
34633763646335363764623434656431623139643361393537653933373365313865616266633837
61356233373264393037356335366265313531623866663133323762383530356539626233653938
35643365336436663937663531373532326139626639376466643032333239616666623630353737
39633734633836356632373938326662353932623339396237323130653738356239366133653765
35306661313436396134393763643331313431366366353731336361656261633438336638363663
36643461623062363266393362666630306164373236613061633638323966633830666530333638
3065343732643562336533363833323234343934313739636663
